{
 "cells": [
  {
   "cell_type": "code",
   "execution_count": 2,
   "id": "7d34e28e",
   "metadata": {},
   "outputs": [],
   "source": [
    "# Import required libraries\n",
    "import yfinance as yf\n",
    "import pandas as pd\n",
    "import numpy as np\n",
    "import matplotlib.pyplot as plt\n",
    "from statsmodels.tsa.stattools import adfuller\n",
    "from statsmodels.tsa.arima.model import ARIMA\n",
    "from datetime import datetime\n",
    "#from pmdarima import auto_arima\n",
    "from sklearn.preprocessing import MinMaxScaler\n",
    "from tensorflow.keras.models import Sequential\n",
    "from tensorflow.keras.layers import LSTM, Dense\n",
    "from sklearn.metrics import mean_absolute_error, mean_squared_error\n",
    "from pypfopt import EfficientFrontier, risk_models, expected_returns\n",
    "\n",
    "from pypfopt.discrete_allocation import DiscreteAllocation\n",
    "\n",
    "import warnings\n",
    "warnings.filterwarnings('ignore')\n"
   ]
  },
  {
   "cell_type": "code",
   "execution_count": null,
   "id": "53298014",
   "metadata": {},
   "outputs": [],
   "source": []
  },
  {
   "cell_type": "code",
   "execution_count": 25,
   "id": "55a11939",
   "metadata": {},
   "outputs": [
    {
     "name": "stderr",
     "output_type": "stream",
     "text": [
      "[*********************100%***********************]  3 of 3 completed\n"
     ]
    }
   ],
   "source": [
    "tickers = ['TSLA', 'BND', 'SPY']\n",
    "start_date = '2015-07-01'\n",
    "end_date = datetime.now().strftime('%Y-%m-%d') \n",
    "data1 = yf.download(tickers, start=start_date, end=end_date, auto_adjust=False)"
   ]
  },
  {
   "cell_type": "code",
   "execution_count": 26,
   "id": "298835b2",
   "metadata": {},
   "outputs": [
    {
     "data": {
      "text/html": [
       "<div>\n",
       "<style scoped>\n",
       "    .dataframe tbody tr th:only-of-type {\n",
       "        vertical-align: middle;\n",
       "    }\n",
       "\n",
       "    .dataframe tbody tr th {\n",
       "        vertical-align: top;\n",
       "    }\n",
       "\n",
       "    .dataframe thead th {\n",
       "        text-align: right;\n",
       "    }\n",
       "</style>\n",
       "<table border=\"1\" class=\"dataframe\">\n",
       "  <thead>\n",
       "    <tr style=\"text-align: right;\">\n",
       "      <th></th>\n",
       "      <th></th>\n",
       "      <th>count</th>\n",
       "      <th>mean</th>\n",
       "      <th>std</th>\n",
       "      <th>min</th>\n",
       "      <th>25%</th>\n",
       "      <th>50%</th>\n",
       "      <th>75%</th>\n",
       "      <th>max</th>\n",
       "    </tr>\n",
       "    <tr>\n",
       "      <th>Price</th>\n",
       "      <th>Ticker</th>\n",
       "      <th></th>\n",
       "      <th></th>\n",
       "      <th></th>\n",
       "      <th></th>\n",
       "      <th></th>\n",
       "      <th></th>\n",
       "      <th></th>\n",
       "      <th></th>\n",
       "    </tr>\n",
       "  </thead>\n",
       "  <tbody>\n",
       "    <tr>\n",
       "      <th rowspan=\"3\" valign=\"top\">Adj Close</th>\n",
       "      <th>BND</th>\n",
       "      <td>2542.0</td>\n",
       "      <td>6.848303e+01</td>\n",
       "      <td>4.555963e+00</td>\n",
       "      <td>6.077915e+01</td>\n",
       "      <td>6.466343e+01</td>\n",
       "      <td>6.762058e+01</td>\n",
       "      <td>7.190631e+01</td>\n",
       "      <td>7.731824e+01</td>\n",
       "    </tr>\n",
       "    <tr>\n",
       "      <th>SPY</th>\n",
       "      <td>2542.0</td>\n",
       "      <td>3.350103e+02</td>\n",
       "      <td>1.272068e+02</td>\n",
       "      <td>1.558698e+02</td>\n",
       "      <td>2.314835e+02</td>\n",
       "      <td>3.055215e+02</td>\n",
       "      <td>4.209094e+02</td>\n",
       "      <td>6.371800e+02</td>\n",
       "    </tr>\n",
       "    <tr>\n",
       "      <th>TSLA</th>\n",
       "      <td>2542.0</td>\n",
       "      <td>1.324654e+02</td>\n",
       "      <td>1.211271e+02</td>\n",
       "      <td>9.578000e+00</td>\n",
       "      <td>1.898583e+01</td>\n",
       "      <td>9.871634e+01</td>\n",
       "      <td>2.370600e+02</td>\n",
       "      <td>4.798600e+02</td>\n",
       "    </tr>\n",
       "    <tr>\n",
       "      <th rowspan=\"3\" valign=\"top\">Close</th>\n",
       "      <th>BND</th>\n",
       "      <td>2542.0</td>\n",
       "      <td>7.962815e+01</td>\n",
       "      <td>5.372398e+00</td>\n",
       "      <td>6.804000e+01</td>\n",
       "      <td>7.374500e+01</td>\n",
       "      <td>8.100000e+01</td>\n",
       "      <td>8.394000e+01</td>\n",
       "      <td>8.948000e+01</td>\n",
       "    </tr>\n",
       "    <tr>\n",
       "      <th>SPY</th>\n",
       "      <td>2542.0</td>\n",
       "      <td>3.561846e+02</td>\n",
       "      <td>1.189529e+02</td>\n",
       "      <td>1.828600e+02</td>\n",
       "      <td>2.587150e+02</td>\n",
       "      <td>3.295200e+02</td>\n",
       "      <td>4.386175e+02</td>\n",
       "      <td>6.371800e+02</td>\n",
       "    </tr>\n",
       "    <tr>\n",
       "      <th>TSLA</th>\n",
       "      <td>2542.0</td>\n",
       "      <td>1.324654e+02</td>\n",
       "      <td>1.211271e+02</td>\n",
       "      <td>9.578000e+00</td>\n",
       "      <td>1.898583e+01</td>\n",
       "      <td>9.871634e+01</td>\n",
       "      <td>2.370600e+02</td>\n",
       "      <td>4.798600e+02</td>\n",
       "    </tr>\n",
       "    <tr>\n",
       "      <th rowspan=\"3\" valign=\"top\">High</th>\n",
       "      <th>BND</th>\n",
       "      <td>2542.0</td>\n",
       "      <td>7.974467e+01</td>\n",
       "      <td>5.355847e+00</td>\n",
       "      <td>6.838000e+01</td>\n",
       "      <td>7.388250e+01</td>\n",
       "      <td>8.111000e+01</td>\n",
       "      <td>8.406750e+01</td>\n",
       "      <td>8.959000e+01</td>\n",
       "    </tr>\n",
       "    <tr>\n",
       "      <th>SPY</th>\n",
       "      <td>2542.0</td>\n",
       "      <td>3.580845e+02</td>\n",
       "      <td>1.195340e+02</td>\n",
       "      <td>1.841000e+02</td>\n",
       "      <td>2.605225e+02</td>\n",
       "      <td>3.316850e+02</td>\n",
       "      <td>4.411350e+02</td>\n",
       "      <td>6.398500e+02</td>\n",
       "    </tr>\n",
       "    <tr>\n",
       "      <th>TSLA</th>\n",
       "      <td>2542.0</td>\n",
       "      <td>1.354673e+02</td>\n",
       "      <td>1.239898e+02</td>\n",
       "      <td>1.033133e+01</td>\n",
       "      <td>1.931150e+01</td>\n",
       "      <td>1.007683e+02</td>\n",
       "      <td>2.415775e+02</td>\n",
       "      <td>4.885400e+02</td>\n",
       "    </tr>\n",
       "    <tr>\n",
       "      <th rowspan=\"3\" valign=\"top\">Low</th>\n",
       "      <th>BND</th>\n",
       "      <td>2542.0</td>\n",
       "      <td>7.950886e+01</td>\n",
       "      <td>5.388204e+00</td>\n",
       "      <td>6.799000e+01</td>\n",
       "      <td>7.354750e+01</td>\n",
       "      <td>8.091000e+01</td>\n",
       "      <td>8.383000e+01</td>\n",
       "      <td>8.944000e+01</td>\n",
       "    </tr>\n",
       "    <tr>\n",
       "      <th>SPY</th>\n",
       "      <td>2542.0</td>\n",
       "      <td>3.539777e+02</td>\n",
       "      <td>1.182441e+02</td>\n",
       "      <td>1.810200e+02</td>\n",
       "      <td>2.571200e+02</td>\n",
       "      <td>3.273100e+02</td>\n",
       "      <td>4.363725e+02</td>\n",
       "      <td>6.355400e+02</td>\n",
       "    </tr>\n",
       "    <tr>\n",
       "      <th>TSLA</th>\n",
       "      <td>2542.0</td>\n",
       "      <td>1.293314e+02</td>\n",
       "      <td>1.182085e+02</td>\n",
       "      <td>9.403333e+00</td>\n",
       "      <td>1.859867e+01</td>\n",
       "      <td>9.453300e+01</td>\n",
       "      <td>2.325425e+02</td>\n",
       "      <td>4.575100e+02</td>\n",
       "    </tr>\n",
       "    <tr>\n",
       "      <th rowspan=\"3\" valign=\"top\">Open</th>\n",
       "      <th>BND</th>\n",
       "      <td>2542.0</td>\n",
       "      <td>7.963083e+01</td>\n",
       "      <td>5.375050e+00</td>\n",
       "      <td>6.808000e+01</td>\n",
       "      <td>7.376000e+01</td>\n",
       "      <td>8.100000e+01</td>\n",
       "      <td>8.391750e+01</td>\n",
       "      <td>8.955000e+01</td>\n",
       "    </tr>\n",
       "    <tr>\n",
       "      <th>SPY</th>\n",
       "      <td>2542.0</td>\n",
       "      <td>3.561164e+02</td>\n",
       "      <td>1.189286e+02</td>\n",
       "      <td>1.823400e+02</td>\n",
       "      <td>2.581600e+02</td>\n",
       "      <td>3.291350e+02</td>\n",
       "      <td>4.385825e+02</td>\n",
       "      <td>6.394600e+02</td>\n",
       "    </tr>\n",
       "    <tr>\n",
       "      <th>TSLA</th>\n",
       "      <td>2542.0</td>\n",
       "      <td>1.324998e+02</td>\n",
       "      <td>1.212406e+02</td>\n",
       "      <td>9.488000e+00</td>\n",
       "      <td>1.892317e+01</td>\n",
       "      <td>9.730667e+01</td>\n",
       "      <td>2.368158e+02</td>\n",
       "      <td>4.759000e+02</td>\n",
       "    </tr>\n",
       "    <tr>\n",
       "      <th rowspan=\"3\" valign=\"top\">Volume</th>\n",
       "      <th>BND</th>\n",
       "      <td>2542.0</td>\n",
       "      <td>4.441860e+06</td>\n",
       "      <td>2.900840e+06</td>\n",
       "      <td>0.000000e+00</td>\n",
       "      <td>2.187625e+06</td>\n",
       "      <td>4.127100e+06</td>\n",
       "      <td>5.906725e+06</td>\n",
       "      <td>3.396300e+07</td>\n",
       "    </tr>\n",
       "    <tr>\n",
       "      <th>SPY</th>\n",
       "      <td>2542.0</td>\n",
       "      <td>8.503205e+07</td>\n",
       "      <td>4.424822e+07</td>\n",
       "      <td>2.027000e+07</td>\n",
       "      <td>5.783798e+07</td>\n",
       "      <td>7.446175e+07</td>\n",
       "      <td>9.790295e+07</td>\n",
       "      <td>5.072443e+08</td>\n",
       "    </tr>\n",
       "    <tr>\n",
       "      <th>TSLA</th>\n",
       "      <td>2542.0</td>\n",
       "      <td>1.140797e+08</td>\n",
       "      <td>7.324707e+07</td>\n",
       "      <td>1.062000e+07</td>\n",
       "      <td>6.904710e+07</td>\n",
       "      <td>9.532065e+07</td>\n",
       "      <td>1.321050e+08</td>\n",
       "      <td>9.140820e+08</td>\n",
       "    </tr>\n",
       "  </tbody>\n",
       "</table>\n",
       "</div>"
      ],
      "text/plain": [
       "                   count          mean           std           min  \\\n",
       "Price     Ticker                                                     \n",
       "Adj Close BND     2542.0  6.848303e+01  4.555963e+00  6.077915e+01   \n",
       "          SPY     2542.0  3.350103e+02  1.272068e+02  1.558698e+02   \n",
       "          TSLA    2542.0  1.324654e+02  1.211271e+02  9.578000e+00   \n",
       "Close     BND     2542.0  7.962815e+01  5.372398e+00  6.804000e+01   \n",
       "          SPY     2542.0  3.561846e+02  1.189529e+02  1.828600e+02   \n",
       "          TSLA    2542.0  1.324654e+02  1.211271e+02  9.578000e+00   \n",
       "High      BND     2542.0  7.974467e+01  5.355847e+00  6.838000e+01   \n",
       "          SPY     2542.0  3.580845e+02  1.195340e+02  1.841000e+02   \n",
       "          TSLA    2542.0  1.354673e+02  1.239898e+02  1.033133e+01   \n",
       "Low       BND     2542.0  7.950886e+01  5.388204e+00  6.799000e+01   \n",
       "          SPY     2542.0  3.539777e+02  1.182441e+02  1.810200e+02   \n",
       "          TSLA    2542.0  1.293314e+02  1.182085e+02  9.403333e+00   \n",
       "Open      BND     2542.0  7.963083e+01  5.375050e+00  6.808000e+01   \n",
       "          SPY     2542.0  3.561164e+02  1.189286e+02  1.823400e+02   \n",
       "          TSLA    2542.0  1.324998e+02  1.212406e+02  9.488000e+00   \n",
       "Volume    BND     2542.0  4.441860e+06  2.900840e+06  0.000000e+00   \n",
       "          SPY     2542.0  8.503205e+07  4.424822e+07  2.027000e+07   \n",
       "          TSLA    2542.0  1.140797e+08  7.324707e+07  1.062000e+07   \n",
       "\n",
       "                           25%           50%           75%           max  \n",
       "Price     Ticker                                                          \n",
       "Adj Close BND     6.466343e+01  6.762058e+01  7.190631e+01  7.731824e+01  \n",
       "          SPY     2.314835e+02  3.055215e+02  4.209094e+02  6.371800e+02  \n",
       "          TSLA    1.898583e+01  9.871634e+01  2.370600e+02  4.798600e+02  \n",
       "Close     BND     7.374500e+01  8.100000e+01  8.394000e+01  8.948000e+01  \n",
       "          SPY     2.587150e+02  3.295200e+02  4.386175e+02  6.371800e+02  \n",
       "          TSLA    1.898583e+01  9.871634e+01  2.370600e+02  4.798600e+02  \n",
       "High      BND     7.388250e+01  8.111000e+01  8.406750e+01  8.959000e+01  \n",
       "          SPY     2.605225e+02  3.316850e+02  4.411350e+02  6.398500e+02  \n",
       "          TSLA    1.931150e+01  1.007683e+02  2.415775e+02  4.885400e+02  \n",
       "Low       BND     7.354750e+01  8.091000e+01  8.383000e+01  8.944000e+01  \n",
       "          SPY     2.571200e+02  3.273100e+02  4.363725e+02  6.355400e+02  \n",
       "          TSLA    1.859867e+01  9.453300e+01  2.325425e+02  4.575100e+02  \n",
       "Open      BND     7.376000e+01  8.100000e+01  8.391750e+01  8.955000e+01  \n",
       "          SPY     2.581600e+02  3.291350e+02  4.385825e+02  6.394600e+02  \n",
       "          TSLA    1.892317e+01  9.730667e+01  2.368158e+02  4.759000e+02  \n",
       "Volume    BND     2.187625e+06  4.127100e+06  5.906725e+06  3.396300e+07  \n",
       "          SPY     5.783798e+07  7.446175e+07  9.790295e+07  5.072443e+08  \n",
       "          TSLA    6.904710e+07  9.532065e+07  1.321050e+08  9.140820e+08  "
      ]
     },
     "metadata": {},
     "output_type": "display_data"
    }
   ],
   "source": [
    "statistics_results = data1.describe().T\n",
    "display(pd.DataFrame(statistics_results))"
   ]
  },
  {
   "cell_type": "code",
   "execution_count": 33,
   "id": "4ad0ac7e",
   "metadata": {},
   "outputs": [
    {
     "name": "stderr",
     "output_type": "stream",
     "text": [
      "[*********************100%***********************]  3 of 3 completed\n"
     ]
    }
   ],
   "source": [
    "# Define tickers and date range\n",
    "tickers = ['TSLA', 'BND', 'SPY']\n",
    "start_date = '2015-07-01'\n",
    "end_date = datetime.now().strftime('%Y-%m-%d')\n",
    "\n",
    "# Download data from Yahoo Finance\n",
    "data = yf.download(tickers, start=start_date, end=end_date, group_by='ticker', auto_adjust=False)\n",
    "\n",
    "# Prepare a list to hold all data\n",
    "all_data = []\n",
    "\n",
    "# Reshape for each ticker\n",
    "for ticker in tickers:\n",
    "    df = data[ticker].copy()\n",
    "    df['Date'] = df.index\n",
    "    df['tickers'] = ticker\n",
    "    # Reorder columns to match your template\n",
    "    df = df[['Date', 'Open', 'High', 'Low', 'Close', 'Adj Close', 'Volume', 'tickers']]\n",
    "    all_data.append(df)\n",
    "\n",
    "# Concatenate all tickers' data\n",
    "final_df = pd.concat(all_data).reset_index(drop=True)\n",
    "\n",
    "# Sort by ticker and Date for clarity\n",
    "final_df.sort_values(['tickers', 'Date'], inplace=True)"
   ]
  },
  {
   "cell_type": "code",
   "execution_count": 28,
   "id": "ba67fd33",
   "metadata": {},
   "outputs": [
    {
     "data": {
      "text/html": [
       "<div>\n",
       "<style scoped>\n",
       "    .dataframe tbody tr th:only-of-type {\n",
       "        vertical-align: middle;\n",
       "    }\n",
       "\n",
       "    .dataframe tbody tr th {\n",
       "        vertical-align: top;\n",
       "    }\n",
       "\n",
       "    .dataframe thead th {\n",
       "        text-align: right;\n",
       "    }\n",
       "</style>\n",
       "<table border=\"1\" class=\"dataframe\">\n",
       "  <thead>\n",
       "    <tr style=\"text-align: right;\">\n",
       "      <th></th>\n",
       "      <th></th>\n",
       "      <th>count</th>\n",
       "      <th>mean</th>\n",
       "      <th>std</th>\n",
       "      <th>min</th>\n",
       "      <th>25%</th>\n",
       "      <th>50%</th>\n",
       "      <th>75%</th>\n",
       "      <th>max</th>\n",
       "    </tr>\n",
       "    <tr>\n",
       "      <th>Ticker</th>\n",
       "      <th>Price</th>\n",
       "      <th></th>\n",
       "      <th></th>\n",
       "      <th></th>\n",
       "      <th></th>\n",
       "      <th></th>\n",
       "      <th></th>\n",
       "      <th></th>\n",
       "      <th></th>\n",
       "    </tr>\n",
       "  </thead>\n",
       "  <tbody>\n",
       "    <tr>\n",
       "      <th rowspan=\"6\" valign=\"top\">TSLA</th>\n",
       "      <th>Open</th>\n",
       "      <td>2542.0</td>\n",
       "      <td>1.324998e+02</td>\n",
       "      <td>1.212406e+02</td>\n",
       "      <td>9.488000e+00</td>\n",
       "      <td>1.892317e+01</td>\n",
       "      <td>9.730667e+01</td>\n",
       "      <td>2.368158e+02</td>\n",
       "      <td>4.759000e+02</td>\n",
       "    </tr>\n",
       "    <tr>\n",
       "      <th>High</th>\n",
       "      <td>2542.0</td>\n",
       "      <td>1.354673e+02</td>\n",
       "      <td>1.239898e+02</td>\n",
       "      <td>1.033133e+01</td>\n",
       "      <td>1.931150e+01</td>\n",
       "      <td>1.007683e+02</td>\n",
       "      <td>2.415775e+02</td>\n",
       "      <td>4.885400e+02</td>\n",
       "    </tr>\n",
       "    <tr>\n",
       "      <th>Low</th>\n",
       "      <td>2542.0</td>\n",
       "      <td>1.293314e+02</td>\n",
       "      <td>1.182085e+02</td>\n",
       "      <td>9.403333e+00</td>\n",
       "      <td>1.859867e+01</td>\n",
       "      <td>9.453300e+01</td>\n",
       "      <td>2.325425e+02</td>\n",
       "      <td>4.575100e+02</td>\n",
       "    </tr>\n",
       "    <tr>\n",
       "      <th>Close</th>\n",
       "      <td>2542.0</td>\n",
       "      <td>1.324654e+02</td>\n",
       "      <td>1.211271e+02</td>\n",
       "      <td>9.578000e+00</td>\n",
       "      <td>1.898583e+01</td>\n",
       "      <td>9.871634e+01</td>\n",
       "      <td>2.370600e+02</td>\n",
       "      <td>4.798600e+02</td>\n",
       "    </tr>\n",
       "    <tr>\n",
       "      <th>Adj Close</th>\n",
       "      <td>2542.0</td>\n",
       "      <td>1.324654e+02</td>\n",
       "      <td>1.211271e+02</td>\n",
       "      <td>9.578000e+00</td>\n",
       "      <td>1.898583e+01</td>\n",
       "      <td>9.871634e+01</td>\n",
       "      <td>2.370600e+02</td>\n",
       "      <td>4.798600e+02</td>\n",
       "    </tr>\n",
       "    <tr>\n",
       "      <th>Volume</th>\n",
       "      <td>2542.0</td>\n",
       "      <td>1.140797e+08</td>\n",
       "      <td>7.324707e+07</td>\n",
       "      <td>1.062000e+07</td>\n",
       "      <td>6.904710e+07</td>\n",
       "      <td>9.532065e+07</td>\n",
       "      <td>1.321050e+08</td>\n",
       "      <td>9.140820e+08</td>\n",
       "    </tr>\n",
       "    <tr>\n",
       "      <th rowspan=\"6\" valign=\"top\">SPY</th>\n",
       "      <th>Open</th>\n",
       "      <td>2542.0</td>\n",
       "      <td>3.561164e+02</td>\n",
       "      <td>1.189286e+02</td>\n",
       "      <td>1.823400e+02</td>\n",
       "      <td>2.581600e+02</td>\n",
       "      <td>3.291350e+02</td>\n",
       "      <td>4.385825e+02</td>\n",
       "      <td>6.394600e+02</td>\n",
       "    </tr>\n",
       "    <tr>\n",
       "      <th>High</th>\n",
       "      <td>2542.0</td>\n",
       "      <td>3.580845e+02</td>\n",
       "      <td>1.195340e+02</td>\n",
       "      <td>1.841000e+02</td>\n",
       "      <td>2.605225e+02</td>\n",
       "      <td>3.316850e+02</td>\n",
       "      <td>4.411350e+02</td>\n",
       "      <td>6.398500e+02</td>\n",
       "    </tr>\n",
       "    <tr>\n",
       "      <th>Low</th>\n",
       "      <td>2542.0</td>\n",
       "      <td>3.539777e+02</td>\n",
       "      <td>1.182441e+02</td>\n",
       "      <td>1.810200e+02</td>\n",
       "      <td>2.571200e+02</td>\n",
       "      <td>3.273100e+02</td>\n",
       "      <td>4.363725e+02</td>\n",
       "      <td>6.355400e+02</td>\n",
       "    </tr>\n",
       "    <tr>\n",
       "      <th>Close</th>\n",
       "      <td>2542.0</td>\n",
       "      <td>3.561846e+02</td>\n",
       "      <td>1.189529e+02</td>\n",
       "      <td>1.828600e+02</td>\n",
       "      <td>2.587150e+02</td>\n",
       "      <td>3.295200e+02</td>\n",
       "      <td>4.386175e+02</td>\n",
       "      <td>6.371800e+02</td>\n",
       "    </tr>\n",
       "    <tr>\n",
       "      <th>Adj Close</th>\n",
       "      <td>2542.0</td>\n",
       "      <td>3.350103e+02</td>\n",
       "      <td>1.272068e+02</td>\n",
       "      <td>1.558698e+02</td>\n",
       "      <td>2.314835e+02</td>\n",
       "      <td>3.055215e+02</td>\n",
       "      <td>4.209094e+02</td>\n",
       "      <td>6.371800e+02</td>\n",
       "    </tr>\n",
       "    <tr>\n",
       "      <th>Volume</th>\n",
       "      <td>2542.0</td>\n",
       "      <td>8.503205e+07</td>\n",
       "      <td>4.424822e+07</td>\n",
       "      <td>2.027000e+07</td>\n",
       "      <td>5.783798e+07</td>\n",
       "      <td>7.446175e+07</td>\n",
       "      <td>9.790295e+07</td>\n",
       "      <td>5.072443e+08</td>\n",
       "    </tr>\n",
       "    <tr>\n",
       "      <th rowspan=\"6\" valign=\"top\">BND</th>\n",
       "      <th>Open</th>\n",
       "      <td>2542.0</td>\n",
       "      <td>7.963083e+01</td>\n",
       "      <td>5.375050e+00</td>\n",
       "      <td>6.808000e+01</td>\n",
       "      <td>7.376000e+01</td>\n",
       "      <td>8.100000e+01</td>\n",
       "      <td>8.391750e+01</td>\n",
       "      <td>8.955000e+01</td>\n",
       "    </tr>\n",
       "    <tr>\n",
       "      <th>High</th>\n",
       "      <td>2542.0</td>\n",
       "      <td>7.974467e+01</td>\n",
       "      <td>5.355847e+00</td>\n",
       "      <td>6.838000e+01</td>\n",
       "      <td>7.388250e+01</td>\n",
       "      <td>8.111000e+01</td>\n",
       "      <td>8.406750e+01</td>\n",
       "      <td>8.959000e+01</td>\n",
       "    </tr>\n",
       "    <tr>\n",
       "      <th>Low</th>\n",
       "      <td>2542.0</td>\n",
       "      <td>7.950886e+01</td>\n",
       "      <td>5.388204e+00</td>\n",
       "      <td>6.799000e+01</td>\n",
       "      <td>7.354750e+01</td>\n",
       "      <td>8.091000e+01</td>\n",
       "      <td>8.383000e+01</td>\n",
       "      <td>8.944000e+01</td>\n",
       "    </tr>\n",
       "    <tr>\n",
       "      <th>Close</th>\n",
       "      <td>2542.0</td>\n",
       "      <td>7.962815e+01</td>\n",
       "      <td>5.372398e+00</td>\n",
       "      <td>6.804000e+01</td>\n",
       "      <td>7.374500e+01</td>\n",
       "      <td>8.100000e+01</td>\n",
       "      <td>8.394000e+01</td>\n",
       "      <td>8.948000e+01</td>\n",
       "    </tr>\n",
       "    <tr>\n",
       "      <th>Adj Close</th>\n",
       "      <td>2542.0</td>\n",
       "      <td>6.848303e+01</td>\n",
       "      <td>4.555963e+00</td>\n",
       "      <td>6.077915e+01</td>\n",
       "      <td>6.466343e+01</td>\n",
       "      <td>6.762058e+01</td>\n",
       "      <td>7.190631e+01</td>\n",
       "      <td>7.731824e+01</td>\n",
       "    </tr>\n",
       "    <tr>\n",
       "      <th>Volume</th>\n",
       "      <td>2542.0</td>\n",
       "      <td>4.441860e+06</td>\n",
       "      <td>2.900840e+06</td>\n",
       "      <td>0.000000e+00</td>\n",
       "      <td>2.187625e+06</td>\n",
       "      <td>4.127100e+06</td>\n",
       "      <td>5.906725e+06</td>\n",
       "      <td>3.396300e+07</td>\n",
       "    </tr>\n",
       "  </tbody>\n",
       "</table>\n",
       "</div>"
      ],
      "text/plain": [
       "                   count          mean           std           min  \\\n",
       "Ticker Price                                                         \n",
       "TSLA   Open       2542.0  1.324998e+02  1.212406e+02  9.488000e+00   \n",
       "       High       2542.0  1.354673e+02  1.239898e+02  1.033133e+01   \n",
       "       Low        2542.0  1.293314e+02  1.182085e+02  9.403333e+00   \n",
       "       Close      2542.0  1.324654e+02  1.211271e+02  9.578000e+00   \n",
       "       Adj Close  2542.0  1.324654e+02  1.211271e+02  9.578000e+00   \n",
       "       Volume     2542.0  1.140797e+08  7.324707e+07  1.062000e+07   \n",
       "SPY    Open       2542.0  3.561164e+02  1.189286e+02  1.823400e+02   \n",
       "       High       2542.0  3.580845e+02  1.195340e+02  1.841000e+02   \n",
       "       Low        2542.0  3.539777e+02  1.182441e+02  1.810200e+02   \n",
       "       Close      2542.0  3.561846e+02  1.189529e+02  1.828600e+02   \n",
       "       Adj Close  2542.0  3.350103e+02  1.272068e+02  1.558698e+02   \n",
       "       Volume     2542.0  8.503205e+07  4.424822e+07  2.027000e+07   \n",
       "BND    Open       2542.0  7.963083e+01  5.375050e+00  6.808000e+01   \n",
       "       High       2542.0  7.974467e+01  5.355847e+00  6.838000e+01   \n",
       "       Low        2542.0  7.950886e+01  5.388204e+00  6.799000e+01   \n",
       "       Close      2542.0  7.962815e+01  5.372398e+00  6.804000e+01   \n",
       "       Adj Close  2542.0  6.848303e+01  4.555963e+00  6.077915e+01   \n",
       "       Volume     2542.0  4.441860e+06  2.900840e+06  0.000000e+00   \n",
       "\n",
       "                           25%           50%           75%           max  \n",
       "Ticker Price                                                              \n",
       "TSLA   Open       1.892317e+01  9.730667e+01  2.368158e+02  4.759000e+02  \n",
       "       High       1.931150e+01  1.007683e+02  2.415775e+02  4.885400e+02  \n",
       "       Low        1.859867e+01  9.453300e+01  2.325425e+02  4.575100e+02  \n",
       "       Close      1.898583e+01  9.871634e+01  2.370600e+02  4.798600e+02  \n",
       "       Adj Close  1.898583e+01  9.871634e+01  2.370600e+02  4.798600e+02  \n",
       "       Volume     6.904710e+07  9.532065e+07  1.321050e+08  9.140820e+08  \n",
       "SPY    Open       2.581600e+02  3.291350e+02  4.385825e+02  6.394600e+02  \n",
       "       High       2.605225e+02  3.316850e+02  4.411350e+02  6.398500e+02  \n",
       "       Low        2.571200e+02  3.273100e+02  4.363725e+02  6.355400e+02  \n",
       "       Close      2.587150e+02  3.295200e+02  4.386175e+02  6.371800e+02  \n",
       "       Adj Close  2.314835e+02  3.055215e+02  4.209094e+02  6.371800e+02  \n",
       "       Volume     5.783798e+07  7.446175e+07  9.790295e+07  5.072443e+08  \n",
       "BND    Open       7.376000e+01  8.100000e+01  8.391750e+01  8.955000e+01  \n",
       "       High       7.388250e+01  8.111000e+01  8.406750e+01  8.959000e+01  \n",
       "       Low        7.354750e+01  8.091000e+01  8.383000e+01  8.944000e+01  \n",
       "       Close      7.374500e+01  8.100000e+01  8.394000e+01  8.948000e+01  \n",
       "       Adj Close  6.466343e+01  6.762058e+01  7.190631e+01  7.731824e+01  \n",
       "       Volume     2.187625e+06  4.127100e+06  5.906725e+06  3.396300e+07  "
      ]
     },
     "metadata": {},
     "output_type": "display_data"
    }
   ],
   "source": [
    "statistics_results = data.describe().T\n",
    "display(pd.DataFrame(statistics_results))"
   ]
  },
  {
   "cell_type": "code",
   "execution_count": 45,
   "id": "7843ce34",
   "metadata": {},
   "outputs": [
    {
     "data": {
      "text/html": [
       "<div>\n",
       "<style scoped>\n",
       "    .dataframe tbody tr th:only-of-type {\n",
       "        vertical-align: middle;\n",
       "    }\n",
       "\n",
       "    .dataframe tbody tr th {\n",
       "        vertical-align: top;\n",
       "    }\n",
       "\n",
       "    .dataframe thead tr th {\n",
       "        text-align: left;\n",
       "    }\n",
       "\n",
       "    .dataframe thead tr:last-of-type th {\n",
       "        text-align: right;\n",
       "    }\n",
       "</style>\n",
       "<table border=\"1\" class=\"dataframe\">\n",
       "  <thead>\n",
       "    <tr>\n",
       "      <th>Ticker</th>\n",
       "      <th colspan=\"6\" halign=\"left\">BND</th>\n",
       "      <th colspan=\"6\" halign=\"left\">SPY</th>\n",
       "      <th colspan=\"6\" halign=\"left\">TSLA</th>\n",
       "    </tr>\n",
       "    <tr>\n",
       "      <th>Price</th>\n",
       "      <th>Open</th>\n",
       "      <th>High</th>\n",
       "      <th>Low</th>\n",
       "      <th>Close</th>\n",
       "      <th>Adj Close</th>\n",
       "      <th>Volume</th>\n",
       "      <th>Open</th>\n",
       "      <th>High</th>\n",
       "      <th>Low</th>\n",
       "      <th>Close</th>\n",
       "      <th>Adj Close</th>\n",
       "      <th>Volume</th>\n",
       "      <th>Open</th>\n",
       "      <th>High</th>\n",
       "      <th>Low</th>\n",
       "      <th>Close</th>\n",
       "      <th>Adj Close</th>\n",
       "      <th>Volume</th>\n",
       "    </tr>\n",
       "    <tr>\n",
       "      <th>Date</th>\n",
       "      <th></th>\n",
       "      <th></th>\n",
       "      <th></th>\n",
       "      <th></th>\n",
       "      <th></th>\n",
       "      <th></th>\n",
       "      <th></th>\n",
       "      <th></th>\n",
       "      <th></th>\n",
       "      <th></th>\n",
       "      <th></th>\n",
       "      <th></th>\n",
       "      <th></th>\n",
       "      <th></th>\n",
       "      <th></th>\n",
       "      <th></th>\n",
       "      <th></th>\n",
       "      <th></th>\n",
       "    </tr>\n",
       "  </thead>\n",
       "  <tbody>\n",
       "    <tr>\n",
       "      <th>2015-07-01</th>\n",
       "      <td>80.870003</td>\n",
       "      <td>81.029999</td>\n",
       "      <td>80.830002</td>\n",
       "      <td>80.900002</td>\n",
       "      <td>60.816719</td>\n",
       "      <td>5399300</td>\n",
       "      <td>207.729996</td>\n",
       "      <td>208.029999</td>\n",
       "      <td>206.559998</td>\n",
       "      <td>207.500000</td>\n",
       "      <td>174.917114</td>\n",
       "      <td>135979900</td>\n",
       "      <td>18.073999</td>\n",
       "      <td>18.174667</td>\n",
       "      <td>17.856667</td>\n",
       "      <td>17.943333</td>\n",
       "      <td>17.943333</td>\n",
       "      <td>31518000</td>\n",
       "    </tr>\n",
       "    <tr>\n",
       "      <th>2015-07-02</th>\n",
       "      <td>81.059998</td>\n",
       "      <td>81.180000</td>\n",
       "      <td>81.059998</td>\n",
       "      <td>81.099998</td>\n",
       "      <td>60.967079</td>\n",
       "      <td>1060100</td>\n",
       "      <td>208.070007</td>\n",
       "      <td>208.270004</td>\n",
       "      <td>206.809998</td>\n",
       "      <td>207.309998</td>\n",
       "      <td>174.756943</td>\n",
       "      <td>104373700</td>\n",
       "      <td>18.680000</td>\n",
       "      <td>18.830000</td>\n",
       "      <td>18.220667</td>\n",
       "      <td>18.667999</td>\n",
       "      <td>18.667999</td>\n",
       "      <td>107458500</td>\n",
       "    </tr>\n",
       "    <tr>\n",
       "      <th>2015-07-06</th>\n",
       "      <td>81.440002</td>\n",
       "      <td>81.440002</td>\n",
       "      <td>81.220001</td>\n",
       "      <td>81.379997</td>\n",
       "      <td>61.177574</td>\n",
       "      <td>2210700</td>\n",
       "      <td>205.770004</td>\n",
       "      <td>207.649994</td>\n",
       "      <td>205.529999</td>\n",
       "      <td>206.720001</td>\n",
       "      <td>174.259613</td>\n",
       "      <td>117975400</td>\n",
       "      <td>18.591999</td>\n",
       "      <td>18.779333</td>\n",
       "      <td>18.420000</td>\n",
       "      <td>18.648001</td>\n",
       "      <td>18.648001</td>\n",
       "      <td>61828500</td>\n",
       "    </tr>\n",
       "    <tr>\n",
       "      <th>2015-07-07</th>\n",
       "      <td>81.690002</td>\n",
       "      <td>81.769997</td>\n",
       "      <td>81.459999</td>\n",
       "      <td>81.459999</td>\n",
       "      <td>61.237724</td>\n",
       "      <td>4183200</td>\n",
       "      <td>206.960007</td>\n",
       "      <td>208.169998</td>\n",
       "      <td>204.110001</td>\n",
       "      <td>208.020004</td>\n",
       "      <td>175.355423</td>\n",
       "      <td>173820200</td>\n",
       "      <td>18.333332</td>\n",
       "      <td>18.346666</td>\n",
       "      <td>17.384666</td>\n",
       "      <td>17.858667</td>\n",
       "      <td>17.858667</td>\n",
       "      <td>91576500</td>\n",
       "    </tr>\n",
       "    <tr>\n",
       "      <th>2015-07-08</th>\n",
       "      <td>81.639999</td>\n",
       "      <td>81.760002</td>\n",
       "      <td>81.559998</td>\n",
       "      <td>81.690002</td>\n",
       "      <td>61.410610</td>\n",
       "      <td>1967800</td>\n",
       "      <td>206.419998</td>\n",
       "      <td>206.759995</td>\n",
       "      <td>204.250000</td>\n",
       "      <td>204.529999</td>\n",
       "      <td>172.413467</td>\n",
       "      <td>164020100</td>\n",
       "      <td>17.288000</td>\n",
       "      <td>17.386667</td>\n",
       "      <td>16.954000</td>\n",
       "      <td>16.997334</td>\n",
       "      <td>16.997334</td>\n",
       "      <td>93316500</td>\n",
       "    </tr>\n",
       "    <tr>\n",
       "      <th>...</th>\n",
       "      <td>...</td>\n",
       "      <td>...</td>\n",
       "      <td>...</td>\n",
       "      <td>...</td>\n",
       "      <td>...</td>\n",
       "      <td>...</td>\n",
       "      <td>...</td>\n",
       "      <td>...</td>\n",
       "      <td>...</td>\n",
       "      <td>...</td>\n",
       "      <td>...</td>\n",
       "      <td>...</td>\n",
       "      <td>...</td>\n",
       "      <td>...</td>\n",
       "      <td>...</td>\n",
       "      <td>...</td>\n",
       "      <td>...</td>\n",
       "      <td>...</td>\n",
       "    </tr>\n",
       "    <tr>\n",
       "      <th>2025-08-04</th>\n",
       "      <td>73.629997</td>\n",
       "      <td>73.650002</td>\n",
       "      <td>73.500000</td>\n",
       "      <td>73.639999</td>\n",
       "      <td>73.639999</td>\n",
       "      <td>6834400</td>\n",
       "      <td>625.669983</td>\n",
       "      <td>631.219971</td>\n",
       "      <td>625.580017</td>\n",
       "      <td>631.169983</td>\n",
       "      <td>631.169983</td>\n",
       "      <td>73218000</td>\n",
       "      <td>309.079987</td>\n",
       "      <td>312.119995</td>\n",
       "      <td>303.000000</td>\n",
       "      <td>309.260010</td>\n",
       "      <td>309.260010</td>\n",
       "      <td>78683900</td>\n",
       "    </tr>\n",
       "    <tr>\n",
       "      <th>2025-08-05</th>\n",
       "      <td>73.559998</td>\n",
       "      <td>73.699997</td>\n",
       "      <td>73.540001</td>\n",
       "      <td>73.669998</td>\n",
       "      <td>73.669998</td>\n",
       "      <td>8145300</td>\n",
       "      <td>631.789978</td>\n",
       "      <td>632.609985</td>\n",
       "      <td>627.039978</td>\n",
       "      <td>627.969971</td>\n",
       "      <td>627.969971</td>\n",
       "      <td>68051400</td>\n",
       "      <td>308.950012</td>\n",
       "      <td>312.450012</td>\n",
       "      <td>305.500000</td>\n",
       "      <td>308.720001</td>\n",
       "      <td>308.720001</td>\n",
       "      <td>57961300</td>\n",
       "    </tr>\n",
       "    <tr>\n",
       "      <th>2025-08-06</th>\n",
       "      <td>73.570000</td>\n",
       "      <td>73.650002</td>\n",
       "      <td>73.339996</td>\n",
       "      <td>73.610001</td>\n",
       "      <td>73.610001</td>\n",
       "      <td>8082200</td>\n",
       "      <td>629.049988</td>\n",
       "      <td>633.440002</td>\n",
       "      <td>628.130005</td>\n",
       "      <td>632.780029</td>\n",
       "      <td>632.780029</td>\n",
       "      <td>64357500</td>\n",
       "      <td>307.890015</td>\n",
       "      <td>320.470001</td>\n",
       "      <td>306.929993</td>\n",
       "      <td>319.910004</td>\n",
       "      <td>319.910004</td>\n",
       "      <td>78523600</td>\n",
       "    </tr>\n",
       "    <tr>\n",
       "      <th>2025-08-07</th>\n",
       "      <td>73.699997</td>\n",
       "      <td>73.699997</td>\n",
       "      <td>73.529999</td>\n",
       "      <td>73.580002</td>\n",
       "      <td>73.580002</td>\n",
       "      <td>4193100</td>\n",
       "      <td>636.239990</td>\n",
       "      <td>636.979980</td>\n",
       "      <td>629.109985</td>\n",
       "      <td>632.250000</td>\n",
       "      <td>632.250000</td>\n",
       "      <td>74205800</td>\n",
       "      <td>319.790009</td>\n",
       "      <td>322.399994</td>\n",
       "      <td>316.160004</td>\n",
       "      <td>322.269989</td>\n",
       "      <td>322.269989</td>\n",
       "      <td>66658700</td>\n",
       "    </tr>\n",
       "    <tr>\n",
       "      <th>2025-08-08</th>\n",
       "      <td>73.500000</td>\n",
       "      <td>73.510002</td>\n",
       "      <td>73.400002</td>\n",
       "      <td>73.419998</td>\n",
       "      <td>73.419998</td>\n",
       "      <td>5565200</td>\n",
       "      <td>634.059998</td>\n",
       "      <td>637.650024</td>\n",
       "      <td>633.739990</td>\n",
       "      <td>637.179993</td>\n",
       "      <td>637.179993</td>\n",
       "      <td>63902600</td>\n",
       "      <td>321.429993</td>\n",
       "      <td>335.149994</td>\n",
       "      <td>320.980011</td>\n",
       "      <td>329.649994</td>\n",
       "      <td>329.649994</td>\n",
       "      <td>91006400</td>\n",
       "    </tr>\n",
       "  </tbody>\n",
       "</table>\n",
       "<p>2542 rows × 18 columns</p>\n",
       "</div>"
      ],
      "text/plain": [
       "Ticker            BND                                                       \\\n",
       "Price            Open       High        Low      Close  Adj Close   Volume   \n",
       "Date                                                                         \n",
       "2015-07-01  80.870003  81.029999  80.830002  80.900002  60.816719  5399300   \n",
       "2015-07-02  81.059998  81.180000  81.059998  81.099998  60.967079  1060100   \n",
       "2015-07-06  81.440002  81.440002  81.220001  81.379997  61.177574  2210700   \n",
       "2015-07-07  81.690002  81.769997  81.459999  81.459999  61.237724  4183200   \n",
       "2015-07-08  81.639999  81.760002  81.559998  81.690002  61.410610  1967800   \n",
       "...               ...        ...        ...        ...        ...      ...   \n",
       "2025-08-04  73.629997  73.650002  73.500000  73.639999  73.639999  6834400   \n",
       "2025-08-05  73.559998  73.699997  73.540001  73.669998  73.669998  8145300   \n",
       "2025-08-06  73.570000  73.650002  73.339996  73.610001  73.610001  8082200   \n",
       "2025-08-07  73.699997  73.699997  73.529999  73.580002  73.580002  4193100   \n",
       "2025-08-08  73.500000  73.510002  73.400002  73.419998  73.419998  5565200   \n",
       "\n",
       "Ticker             SPY                                                  \\\n",
       "Price             Open        High         Low       Close   Adj Close   \n",
       "Date                                                                     \n",
       "2015-07-01  207.729996  208.029999  206.559998  207.500000  174.917114   \n",
       "2015-07-02  208.070007  208.270004  206.809998  207.309998  174.756943   \n",
